# Tabla de solución exacta
# Función: y(x) = e^(-x)*sin(2x)
# Intervalo: [0.0000000000, 1.0000000000]
# Paso h: 0.0100000000
# Número de puntos: 101
# Formato: x  y
#
0.0000000000  0.0000000000
0.0100000000  0.0197996766
0.0200000000  0.0391974923
0.0300000000  0.0581918023
0.0400000000  0.0767811940
0.0500000000  0.0949644835
0.0600000000  0.1127407111
0.0700000000  0.1301091377
0.0800000000  0.1470692408
0.0900000000  0.1636207102
0.1000000000  0.1797634443
0.1100000000  0.1954975457
0.1200000000  0.2108233172
0.1300000000  0.2257412580
0.1400000000  0.2402520590
0.1500000000  0.2543565991
0.1600000000  0.2680559408
0.1700000000  0.2813513264
0.1800000000  0.2942441733
0.1900000000  0.3067360701
0.2000000000  0.3188287727
0.2100000000  0.3305241994
0.2200000000  0.3418244275
0.2300000000  0.3527316888
0.2400000000  0.3632483651
0.2500000000  0.3733769849
0.2600000000  0.3831202182
0.2700000000  0.3924808733
0.2800000000  0.4014618921
0.2900000000  0.4100663461
0.3000000000  0.4182974325
0.3100000000  0.4261584700
0.3200000000  0.4336528947
0.3300000000  0.4407842563
0.3400000000  0.4475562137
0.3500000000  0.4539725314
0.3600000000  0.4600370754
0.3700000000  0.4657538093
0.3800000000  0.4711267903
0.3900000000  0.4761601655
0.4000000000  0.4808581679
0.4100000000  0.4852251128
0.4200000000  0.4892653939
0.4300000000  0.4929834795
0.4400000000  0.4963839092
0.4500000000  0.4994712895
0.4600000000  0.5022502911
0.4700000000  0.5047256445
0.4800000000  0.5069021372
0.4900000000  0.5087846095
0.5000000000  0.5103779515
0.5100000000  0.5116870999
0.5200000000  0.5127170338
0.5300000000  0.5134727722
0.5400000000  0.5139593706
0.5500000000  0.5141819174
0.5600000000  0.5141455309
0.5700000000  0.5138553565
0.5800000000  0.5133165631
0.5900000000  0.5125343403
0.6000000000  0.5115138957
0.6100000000  0.5102604514
0.6200000000  0.5087792417
0.6300000000  0.5070755097
0.6400000000  0.5051545052
0.6500000000  0.5030214814
0.6600000000  0.5006816922
0.6700000000  0.4981403903
0.6800000000  0.4954028238
0.6900000000  0.4924742342
0.7000000000  0.4893598535
0.7100000000  0.4860649025
0.7200000000  0.4825945877
0.7300000000  0.4789540993
0.7400000000  0.4751486091
0.7500000000  0.4711832682
0.7600000000  0.4670632047
0.7700000000  0.4627935217
0.7800000000  0.4583792955
0.7900000000  0.4538255734
0.8000000000  0.4491373716
0.8100000000  0.4443196738
0.8200000000  0.4393774291
0.8300000000  0.4343155500
0.8400000000  0.4291389111
0.8500000000  0.4238523475
0.8600000000  0.4184606526
0.8700000000  0.4129685771
0.8800000000  0.4073808274
0.8900000000  0.4017020639
0.9000000000  0.3959368999
0.9100000000  0.3900899001
0.9200000000  0.3841655792
0.9300000000  0.3781684010
0.9400000000  0.3721027768
0.9500000000  0.3659730644
0.9600000000  0.3597835672
0.9700000000  0.3535385329
0.9800000000  0.3472421525
0.9900000000  0.3408985596
1.0000000000  0.3345118292
