# Solución exacta: y(x) = e^(-x)·sin(2x)
# x y
0.000000 0.0000000000
0.001000 0.0019979997
0.002000 0.0039919973
0.003000 0.0059819911
0.004000 0.0079679789
0.005000 0.0099499590
0.006000 0.0119279293
0.007000 0.0139018881
0.008000 0.0158718334
0.009000 0.0178377635
0.010000 0.0197996766
0.011000 0.0217575709
0.012000 0.0237114447
0.013000 0.0256612961
0.014000 0.0276071236
0.015000 0.0295489254
0.016000 0.0314866999
0.017000 0.0334204454
0.018000 0.0353501604
0.019000 0.0372758432
0.020000 0.0391974923
0.021000 0.0411151062
0.022000 0.0430286833
0.023000 0.0449382221
0.024000 0.0468437212
0.025000 0.0487451792
0.026000 0.0506425945
0.027000 0.0525359659
0.028000 0.0544252918
0.029000 0.0563105711
0.030000 0.0581918023
0.031000 0.0600689841
0.032000 0.0619421152
0.033000 0.0638111945
0.034000 0.0656762205
0.035000 0.0675371922
0.036000 0.0693941083
0.037000 0.0712469677
0.038000 0.0730957692
0.039000 0.0749405117
0.040000 0.0767811940
0.041000 0.0786178151
0.042000 0.0804503740
0.043000 0.0822788695
0.044000 0.0841033008
0.045000 0.0859236667
0.046000 0.0877399663
0.047000 0.0895521988
0.048000 0.0913603630
0.049000 0.0931644582
0.050000 0.0949644835
0.051000 0.0967604379
0.052000 0.0985523207
0.053000 0.1003401311
0.054000 0.1021238682
0.055000 0.1039035313
0.056000 0.1056791196
0.057000 0.1074506325
0.058000 0.1092180691
0.059000 0.1109814289
0.060000 0.1127407111
0.061000 0.1144959151
0.062000 0.1162470403
0.063000 0.1179940861
0.064000 0.1197370519
0.065000 0.1214759372
0.066000 0.1232107414
0.067000 0.1249414641
0.068000 0.1266681046
0.069000 0.1283906627
0.070000 0.1301091377
0.071000 0.1318235293
0.072000 0.1335338372
0.073000 0.1352400608
0.074000 0.1369421999
0.075000 0.1386402540
0.076000 0.1403342229
0.077000 0.1420241064
0.078000 0.1437099040
0.079000 0.1453916155
0.080000 0.1470692408
0.081000 0.1487427796
0.082000 0.1504122316
0.083000 0.1520775968
0.084000 0.1537388749
0.085000 0.1553960659
0.086000 0.1570491696
0.087000 0.1586981860
0.088000 0.1603431149
0.089000 0.1619839563
0.090000 0.1636207102
0.091000 0.1652533766
0.092000 0.1668819555
0.093000 0.1685064469
0.094000 0.1701268509
0.095000 0.1717431675
0.096000 0.1733553969
0.097000 0.1749635391
0.098000 0.1765675943
0.099000 0.1781675627
0.100000 0.1797634443
0.101000 0.1813552395
0.102000 0.1829429484
0.103000 0.1845265712
0.104000 0.1861061083
0.105000 0.1876815598
0.106000 0.1892529261
0.107000 0.1908202075
0.108000 0.1923834043
0.109000 0.1939425169
0.110000 0.1954975457
0.111000 0.1970484910
0.112000 0.1985953532
0.113000 0.2001381328
0.114000 0.2016768303
0.115000 0.2032114461
0.116000 0.2047419806
0.117000 0.2062684345
0.118000 0.2077908082
0.119000 0.2093091022
0.120000 0.2108233172
0.121000 0.2123334538
0.122000 0.2138395125
0.123000 0.2153414939
0.124000 0.2168393988
0.125000 0.2183332277
0.126000 0.2198229814
0.127000 0.2213086606
0.128000 0.2227902659
0.129000 0.2242677981
0.130000 0.2257412580
0.131000 0.2272106463
0.132000 0.2286759639
0.133000 0.2301372116
0.134000 0.2315943901
0.135000 0.2330475004
0.136000 0.2344965433
0.137000 0.2359415197
0.138000 0.2373824304
0.139000 0.2388192766
0.140000 0.2402520590
0.141000 0.2416807786
0.142000 0.2431054365
0.143000 0.2445260336
0.144000 0.2459425709
0.145000 0.2473550495
0.146000 0.2487634704
0.147000 0.2501678347
0.148000 0.2515681435
0.149000 0.2529643979
0.150000 0.2543565991
0.151000 0.2557447481
0.152000 0.2571288461
0.153000 0.2585088943
0.154000 0.2598848940
0.155000 0.2612568463
0.156000 0.2626247524
0.157000 0.2639886137
0.158000 0.2653484313
0.159000 0.2667042066
0.160000 0.2680559408
0.161000 0.2694036354
0.162000 0.2707472916
0.163000 0.2720869108
0.164000 0.2734224943
0.165000 0.2747540436
0.166000 0.2760815601
0.167000 0.2774050452
0.168000 0.2787245003
0.169000 0.2800399269
0.170000 0.2813513264
0.171000 0.2826587005
0.172000 0.2839620505
0.173000 0.2852613780
0.174000 0.2865566846
0.175000 0.2878479719
0.176000 0.2891352413
0.177000 0.2904184945
0.178000 0.2916977332
0.179000 0.2929729589
0.180000 0.2942441733
0.181000 0.2955113781
0.182000 0.2967745749
0.183000 0.2980337654
0.184000 0.2992889514
0.185000 0.3005401346
0.186000 0.3017873167
0.187000 0.3030304996
0.188000 0.3042696849
0.189000 0.3055048745
0.190000 0.3067360701
0.191000 0.3079632738
0.192000 0.3091864871
0.193000 0.3104057121
0.194000 0.3116209506
0.195000 0.3128322046
0.196000 0.3140394758
0.197000 0.3152427663
0.198000 0.3164420779
0.199000 0.3176374127
0.200000 0.3188287727
0.201000 0.3200161597
0.202000 0.3211995759
0.203000 0.3223790232
0.204000 0.3235545036
0.205000 0.3247260193
0.206000 0.3258935724
0.207000 0.3270571648
0.208000 0.3282167986
0.209000 0.3293724761
0.210000 0.3305241994
0.211000 0.3316719705
0.212000 0.3328157917
0.213000 0.3339556651
0.214000 0.3350915929
0.215000 0.3362235774
0.216000 0.3373516207
0.217000 0.3384757251
0.218000 0.3395958928
0.219000 0.3407121262
0.220000 0.3418244275
0.221000 0.3429327990
0.222000 0.3440372430
0.223000 0.3451377619
0.224000 0.3462343580
0.225000 0.3473270336
0.226000 0.3484157912
0.227000 0.3495006330
0.228000 0.3505815616
0.229000 0.3516585794
0.230000 0.3527316888
0.231000 0.3538008921
0.232000 0.3548661920
0.233000 0.3559275908
0.234000 0.3569850911
0.235000 0.3580386954
0.236000 0.3590884062
0.237000 0.3601342260
0.238000 0.3611761574
0.239000 0.3622142029
0.240000 0.3632483651
0.241000 0.3642786467
0.242000 0.3653050502
0.243000 0.3663275782
0.244000 0.3673462334
0.245000 0.3683610185
0.246000 0.3693719360
0.247000 0.3703789887
0.248000 0.3713821793
0.249000 0.3723815105
0.250000 0.3733769849
0.251000 0.3743686053
0.252000 0.3753563746
0.253000 0.3763402953
0.254000 0.3773203704
0.255000 0.3782966025
0.256000 0.3792689946
0.257000 0.3802375493
0.258000 0.3812022696
0.259000 0.3821631583
0.260000 0.3831202182
0.261000 0.3840734523
0.262000 0.3850228633
0.263000 0.3859684542
0.264000 0.3869102279
0.265000 0.3878481873
0.266000 0.3887823353
0.267000 0.3897126750
0.268000 0.3906392093
0.269000 0.3915619410
0.270000 0.3924808733
0.271000 0.3933960092
0.272000 0.3943073515
0.273000 0.3952149035
0.274000 0.3961186680
0.275000 0.3970186483
0.276000 0.3979148472
0.277000 0.3988072680
0.278000 0.3996959136
0.279000 0.4005807873
0.280000 0.4014618921
0.281000 0.4023392311
0.282000 0.4032128075
0.283000 0.4040826245
0.284000 0.4049486852
0.285000 0.4058109927
0.286000 0.4066695504
0.287000 0.4075243613
0.288000 0.4083754288
0.289000 0.4092227559
0.290000 0.4100663461
0.291000 0.4109062024
0.292000 0.4117423283
0.293000 0.4125747269
0.294000 0.4134034016
0.295000 0.4142283556
0.296000 0.4150495923
0.297000 0.4158671150
0.298000 0.4166809270
0.299000 0.4174910317
0.300000 0.4182974325
0.301000 0.4191001326
0.302000 0.4198991356
0.303000 0.4206944447
0.304000 0.4214860635
0.305000 0.4222739953
0.306000 0.4230582435
0.307000 0.4238388116
0.308000 0.4246157031
0.309000 0.4253889214
0.310000 0.4261584700
0.311000 0.4269243523
0.312000 0.4276865719
0.313000 0.4284451324
0.314000 0.4292000371
0.315000 0.4299512897
0.316000 0.4306988936
0.317000 0.4314428526
0.318000 0.4321831700
0.319000 0.4329198495
0.320000 0.4336528947
0.321000 0.4343823092
0.322000 0.4351080965
0.323000 0.4358302604
0.324000 0.4365488044
0.325000 0.4372637322
0.326000 0.4379750474
0.327000 0.4386827538
0.328000 0.4393868549
0.329000 0.4400873545
0.330000 0.4407842563
0.331000 0.4414775639
0.332000 0.4421672811
0.333000 0.4428534116
0.334000 0.4435359592
0.335000 0.4442149276
0.336000 0.4448903206
0.337000 0.4455621419
0.338000 0.4462303953
0.339000 0.4468950846
0.340000 0.4475562137
0.341000 0.4482137862
0.342000 0.4488678061
0.343000 0.4495182772
0.344000 0.4501652032
0.345000 0.4508085882
0.346000 0.4514484359
0.347000 0.4520847501
0.348000 0.4527175349
0.349000 0.4533467940
0.350000 0.4539725314
0.351000 0.4545947510
0.352000 0.4552134566
0.353000 0.4558286523
0.354000 0.4564403420
0.355000 0.4570485296
0.356000 0.4576532191
0.357000 0.4582544145
0.358000 0.4588521196
0.359000 0.4594463386
0.360000 0.4600370754
0.361000 0.4606243340
0.362000 0.4612081185
0.363000 0.4617884328
0.364000 0.4623652810
0.365000 0.4629386672
0.366000 0.4635085953
0.367000 0.4640750696
0.368000 0.4646380939
0.369000 0.4651976724
0.370000 0.4657538093
0.371000 0.4663065085
0.372000 0.4668557743
0.373000 0.4674016107
0.374000 0.4679440218
0.375000 0.4684830118
0.376000 0.4690185848
0.377000 0.4695507450
0.378000 0.4700794965
0.379000 0.4706048436
0.380000 0.4711267903
0.381000 0.4716453409
0.382000 0.4721604995
0.383000 0.4726722705
0.384000 0.4731806579
0.385000 0.4736856660
0.386000 0.4741872991
0.387000 0.4746855613
0.388000 0.4751804569
0.389000 0.4756719902
0.390000 0.4761601655
0.391000 0.4766449869
0.392000 0.4771264588
0.393000 0.4776045855
0.394000 0.4780793713
0.395000 0.4785508204
0.396000 0.4790189373
0.397000 0.4794837261
0.398000 0.4799451912
0.399000 0.4804033371
0.400000 0.4808581679
0.401000 0.4813096881
0.402000 0.4817579020
0.403000 0.4822028140
0.404000 0.4826444284
0.405000 0.4830827497
0.406000 0.4835177822
0.407000 0.4839495304
0.408000 0.4843779986
0.409000 0.4848031913
0.410000 0.4852251128
0.411000 0.4856437676
0.412000 0.4860591602
0.413000 0.4864712949
0.414000 0.4868801763
0.415000 0.4872858087
0.416000 0.4876881967
0.417000 0.4880873448
0.418000 0.4884832573
0.419000 0.4888759389
0.420000 0.4892653939
0.421000 0.4896516269
0.422000 0.4900346424
0.423000 0.4904144449
0.424000 0.4907910389
0.425000 0.4911644290
0.426000 0.4915346197
0.427000 0.4919016156
0.428000 0.4922654211
0.429000 0.4926260409
0.430000 0.4929834795
0.431000 0.4933377415
0.432000 0.4936888315
0.433000 0.4940367540
0.434000 0.4943815136
0.435000 0.4947231150
0.436000 0.4950615627
0.437000 0.4953968613
0.438000 0.4957290155
0.439000 0.4960580299
0.440000 0.4963839092
0.441000 0.4967066578
0.442000 0.4970262806
0.443000 0.4973427821
0.444000 0.4976561670
0.445000 0.4979664400
0.446000 0.4982736058
0.447000 0.4985776689
0.448000 0.4988786341
0.449000 0.4991765061
0.450000 0.4994712895
0.451000 0.4997629891
0.452000 0.5000516096
0.453000 0.5003371556
0.454000 0.5006196320
0.455000 0.5008990433
0.456000 0.5011753944
0.457000 0.5014486900
0.458000 0.5017189348
0.459000 0.5019861336
0.460000 0.5022502911
0.461000 0.5025114120
0.462000 0.5027695012
0.463000 0.5030245634
0.464000 0.5032766034
0.465000 0.5035256259
0.466000 0.5037716358
0.467000 0.5040146378
0.468000 0.5042546367
0.469000 0.5044916373
0.470000 0.5047256445
0.471000 0.5049566631
0.472000 0.5051846978
0.473000 0.5054097535
0.474000 0.5056318350
0.475000 0.5058509471
0.476000 0.5060670948
0.477000 0.5062802827
0.478000 0.5064905159
0.479000 0.5066977991
0.480000 0.5069021372
0.481000 0.5071035350
0.482000 0.5073019975
0.483000 0.5074975294
0.484000 0.5076901358
0.485000 0.5078798214
0.486000 0.5080665911
0.487000 0.5082504499
0.488000 0.5084314026
0.489000 0.5086094542
0.490000 0.5087846095
0.491000 0.5089568734
0.492000 0.5091262510
0.493000 0.5092927470
0.494000 0.5094563665
0.495000 0.5096171143
0.496000 0.5097749954
0.497000 0.5099300147
0.498000 0.5100821772
0.499000 0.5102314879
0.500000 0.5103779515
0.501000 0.5105215733
0.502000 0.5106623580
0.503000 0.5108003106
0.504000 0.5109354362
0.505000 0.5110677397
0.506000 0.5111972260
0.507000 0.5113239002
0.508000 0.5114477673
0.509000 0.5115688321
0.510000 0.5116870999
0.511000 0.5118025754
0.512000 0.5119152637
0.513000 0.5120251699
0.514000 0.5121322989
0.515000 0.5122366558
0.516000 0.5123382456
0.517000 0.5124370732
0.518000 0.5125331438
0.519000 0.5126264623
0.520000 0.5127170338
0.521000 0.5128048633
0.522000 0.5128899558
0.523000 0.5129723165
0.524000 0.5130519503
0.525000 0.5131288623
0.526000 0.5132030575
0.527000 0.5132745411
0.528000 0.5133433180
0.529000 0.5134093934
0.530000 0.5134727722
0.531000 0.5135334597
0.532000 0.5135914607
0.533000 0.5136467805
0.534000 0.5136994242
0.535000 0.5137493967
0.536000 0.5137967031
0.537000 0.5138413487
0.538000 0.5138833384
0.539000 0.5139226773
0.540000 0.5139593706
0.541000 0.5139934234
0.542000 0.5140248407
0.543000 0.5140536277
0.544000 0.5140797895
0.545000 0.5141033312
0.546000 0.5141242579
0.547000 0.5141425748
0.548000 0.5141582869
0.549000 0.5141713994
0.550000 0.5141819174
0.551000 0.5141898461
0.552000 0.5141951905
0.553000 0.5141979558
0.554000 0.5141981472
0.555000 0.5141957698
0.556000 0.5141908288
0.557000 0.5141833292
0.558000 0.5141732763
0.559000 0.5141606751
0.560000 0.5141455309
0.561000 0.5141278488
0.562000 0.5141076340
0.563000 0.5140848916
0.564000 0.5140596268
0.565000 0.5140318447
0.566000 0.5140015505
0.567000 0.5139687495
0.568000 0.5139334466
0.569000 0.5138956473
0.570000 0.5138553565
0.571000 0.5138125795
0.572000 0.5137673215
0.573000 0.5137195877
0.574000 0.5136693832
0.575000 0.5136167133
0.576000 0.5135615830
0.577000 0.5135039977
0.578000 0.5134439624
0.579000 0.5133814825
0.580000 0.5133165631
0.581000 0.5132492093
0.582000 0.5131794265
0.583000 0.5131072197
0.584000 0.5130325942
0.585000 0.5129555553
0.586000 0.5128761080
0.587000 0.5127942577
0.588000 0.5127100095
0.589000 0.5126233686
0.590000 0.5125343403
0.591000 0.5124429298
0.592000 0.5123491422
0.593000 0.5122529829
0.594000 0.5121544569
0.595000 0.5120535696
0.596000 0.5119503262
0.597000 0.5118447319
0.598000 0.5117367919
0.599000 0.5116265114
0.600000 0.5115138957
0.601000 0.5113989500
0.602000 0.5112816795
0.603000 0.5111620894
0.604000 0.5110401850
0.605000 0.5109159716
0.606000 0.5107894543
0.607000 0.5106606384
0.608000 0.5105295291
0.609000 0.5103961317
0.610000 0.5102604514
0.611000 0.5101224934
0.612000 0.5099822630
0.613000 0.5098397654
0.614000 0.5096950059
0.615000 0.5095479897
0.616000 0.5093987220
0.617000 0.5092472081
0.618000 0.5090934533
0.619000 0.5089374627
0.620000 0.5087792417
0.621000 0.5086187954
0.622000 0.5084561291
0.623000 0.5082912482
0.624000 0.5081241577
0.625000 0.5079548630
0.626000 0.5077833693
0.627000 0.5076096819
0.628000 0.5074338060
0.629000 0.5072557469
0.630000 0.5070755097
0.631000 0.5068930999
0.632000 0.5067085226
0.633000 0.5065217830
0.634000 0.5063328865
0.635000 0.5061418383
0.636000 0.5059486436
0.637000 0.5057533077
0.638000 0.5055558358
0.639000 0.5053562333
0.640000 0.5051545052
0.641000 0.5049506570
0.642000 0.5047446939
0.643000 0.5045366210
0.644000 0.5043264438
0.645000 0.5041141673
0.646000 0.5038997970
0.647000 0.5036833379
0.648000 0.5034647955
0.649000 0.5032441749
0.650000 0.5030214814
0.651000 0.5027967202
0.652000 0.5025698966
0.653000 0.5023410159
0.654000 0.5021100833
0.655000 0.5018771041
0.656000 0.5016420835
0.657000 0.5014050267
0.658000 0.5011659391
0.659000 0.5009248259
0.660000 0.5006816922
0.661000 0.5004365435
0.662000 0.5001893849
0.663000 0.4999402216
0.664000 0.4996890590
0.665000 0.4994359022
0.666000 0.4991807566
0.667000 0.4989236274
0.668000 0.4986645197
0.669000 0.4984034390
0.670000 0.4981403903
0.671000 0.4978753790
0.672000 0.4976084104
0.673000 0.4973394895
0.674000 0.4970686218
0.675000 0.4967958124
0.676000 0.4965210665
0.677000 0.4962443895
0.678000 0.4959657866
0.679000 0.4956852629
0.680000 0.4954028238
0.681000 0.4951184745
0.682000 0.4948322202
0.683000 0.4945440661
0.684000 0.4942540175
0.685000 0.4939620796
0.686000 0.4936682577
0.687000 0.4933725570
0.688000 0.4930749827
0.689000 0.4927755400
0.690000 0.4924742342
0.691000 0.4921710705
0.692000 0.4918660541
0.693000 0.4915591902
0.694000 0.4912504842
0.695000 0.4909399411
0.696000 0.4906275663
0.697000 0.4903133649
0.698000 0.4899973422
0.699000 0.4896795033
0.700000 0.4893598535
0.701000 0.4890383981
0.702000 0.4887151421
0.703000 0.4883900909
0.704000 0.4880632497
0.705000 0.4877346236
0.706000 0.4874042178
0.707000 0.4870720376
0.708000 0.4867380882
0.709000 0.4864023748
0.710000 0.4860649025
0.711000 0.4857256766
0.712000 0.4853847023
0.713000 0.4850419848
0.714000 0.4846975292
0.715000 0.4843513408
0.716000 0.4840034247
0.717000 0.4836537862
0.718000 0.4833024304
0.719000 0.4829493625
0.720000 0.4825945877
0.721000 0.4822381112
0.722000 0.4818799381
0.723000 0.4815200737
0.724000 0.4811585231
0.725000 0.4807952915
0.726000 0.4804303840
0.727000 0.4800638059
0.728000 0.4796955623
0.729000 0.4793256584
0.730000 0.4789540993
0.731000 0.4785808902
0.732000 0.4782060363
0.733000 0.4778295426
0.734000 0.4774514145
0.735000 0.4770716570
0.736000 0.4766902753
0.737000 0.4763072745
0.738000 0.4759226597
0.739000 0.4755364363
0.740000 0.4751486091
0.741000 0.4747591835
0.742000 0.4743681646
0.743000 0.4739755574
0.744000 0.4735813671
0.745000 0.4731855989
0.746000 0.4727882579
0.747000 0.4723893492
0.748000 0.4719888779
0.749000 0.4715868492
0.750000 0.4711832682
0.751000 0.4707781400
0.752000 0.4703714696
0.753000 0.4699632623
0.754000 0.4695535231
0.755000 0.4691422572
0.756000 0.4687294696
0.757000 0.4683151654
0.758000 0.4678993498
0.759000 0.4674820279
0.760000 0.4670632047
0.761000 0.4666428853
0.762000 0.4662210748
0.763000 0.4657977783
0.764000 0.4653730009
0.765000 0.4649467477
0.766000 0.4645190237
0.767000 0.4640898340
0.768000 0.4636591838
0.769000 0.4632270780
0.770000 0.4627935217
0.771000 0.4623585200
0.772000 0.4619220780
0.773000 0.4614842006
0.774000 0.4610448931
0.775000 0.4606041603
0.776000 0.4601620075
0.777000 0.4597184395
0.778000 0.4592734615
0.779000 0.4588270785
0.780000 0.4583792955
0.781000 0.4579301176
0.782000 0.4574795498
0.783000 0.4570275971
0.784000 0.4565742645
0.785000 0.4561195572
0.786000 0.4556634800
0.787000 0.4552060380
0.788000 0.4547472362
0.789000 0.4542870797
0.790000 0.4538255734
0.791000 0.4533627223
0.792000 0.4528985314
0.793000 0.4524330058
0.794000 0.4519661504
0.795000 0.4514979702
0.796000 0.4510284702
0.797000 0.4505576553
0.798000 0.4500855306
0.799000 0.4496121011
0.800000 0.4491373716
0.801000 0.4486613472
0.802000 0.4481840329
0.803000 0.4477054335
0.804000 0.4472255541
0.805000 0.4467443996
0.806000 0.4462619749
0.807000 0.4457782851
0.808000 0.4452933350
0.809000 0.4448071296
0.810000 0.4443196738
0.811000 0.4438309726
0.812000 0.4433410309
0.813000 0.4428498536
0.814000 0.4423574456
0.815000 0.4418638119
0.816000 0.4413689574
0.817000 0.4408728869
0.818000 0.4403756054
0.819000 0.4398771179
0.820000 0.4393774291
0.821000 0.4388765440
0.822000 0.4383744674
0.823000 0.4378712044
0.824000 0.4373667597
0.825000 0.4368611382
0.826000 0.4363543449
0.827000 0.4358463845
0.828000 0.4353372620
0.829000 0.4348269822
0.830000 0.4343155500
0.831000 0.4338029702
0.832000 0.4332892477
0.833000 0.4327743873
0.834000 0.4322583939
0.835000 0.4317412724
0.836000 0.4312230275
0.837000 0.4307036641
0.838000 0.4301831870
0.839000 0.4296616011
0.840000 0.4291389111
0.841000 0.4286151220
0.842000 0.4280902384
0.843000 0.4275642652
0.844000 0.4270372073
0.845000 0.4265090693
0.846000 0.4259798562
0.847000 0.4254495726
0.848000 0.4249182235
0.849000 0.4243858135
0.850000 0.4238523475
0.851000 0.4233178302
0.852000 0.4227822663
0.853000 0.4222456608
0.854000 0.4217080182
0.855000 0.4211693435
0.856000 0.4206296413
0.857000 0.4200889163
0.858000 0.4195471734
0.859000 0.4190044172
0.860000 0.4184606526
0.861000 0.4179158841
0.862000 0.4173701167
0.863000 0.4168233549
0.864000 0.4162756035
0.865000 0.4157268672
0.866000 0.4151771507
0.867000 0.4146264588
0.868000 0.4140747961
0.869000 0.4135221673
0.870000 0.4129685771
0.871000 0.4124140302
0.872000 0.4118585313
0.873000 0.4113020850
0.874000 0.4107446961
0.875000 0.4101863691
0.876000 0.4096271089
0.877000 0.4090669199
0.878000 0.4085058069
0.879000 0.4079437745
0.880000 0.4073808274
0.881000 0.4068169702
0.882000 0.4062522075
0.883000 0.4056865440
0.884000 0.4051199842
0.885000 0.4045525329
0.886000 0.4039841946
0.887000 0.4034149740
0.888000 0.4028448756
0.889000 0.4022739040
0.890000 0.4017020639
0.891000 0.4011293598
0.892000 0.4005557964
0.893000 0.3999813781
0.894000 0.3994061097
0.895000 0.3988299955
0.896000 0.3982530403
0.897000 0.3976752486
0.898000 0.3970966249
0.899000 0.3965171739
0.900000 0.3959368999
0.901000 0.3953558077
0.902000 0.3947739016
0.903000 0.3941911863
0.904000 0.3936076663
0.905000 0.3930233461
0.906000 0.3924382303
0.907000 0.3918523232
0.908000 0.3912656295
0.909000 0.3906781536
0.910000 0.3900899001
0.911000 0.3895008734
0.912000 0.3889110780
0.913000 0.3883205185
0.914000 0.3877291992
0.915000 0.3871371246
0.916000 0.3865442993
0.917000 0.3859507276
0.918000 0.3853564141
0.919000 0.3847613632
0.920000 0.3841655792
0.921000 0.3835690668
0.922000 0.3829718303
0.923000 0.3823738741
0.924000 0.3817752026
0.925000 0.3811758204
0.926000 0.3805757317
0.927000 0.3799749410
0.928000 0.3793734528
0.929000 0.3787712713
0.930000 0.3781684010
0.931000 0.3775648463
0.932000 0.3769606116
0.933000 0.3763557013
0.934000 0.3757501196
0.935000 0.3751438710
0.936000 0.3745369599
0.937000 0.3739293905
0.938000 0.3733211674
0.939000 0.3727122947
0.940000 0.3721027768
0.941000 0.3714926181
0.942000 0.3708818229
0.943000 0.3702703955
0.944000 0.3696583402
0.945000 0.3690456614
0.946000 0.3684323633
0.947000 0.3678184503
0.948000 0.3672039266
0.949000 0.3665887965
0.950000 0.3659730644
0.951000 0.3653567345
0.952000 0.3647398110
0.953000 0.3641222983
0.954000 0.3635042006
0.955000 0.3628855221
0.956000 0.3622662672
0.957000 0.3616464400
0.958000 0.3610260447
0.959000 0.3604050857
0.960000 0.3597835672
0.961000 0.3591614934
0.962000 0.3585388684
0.963000 0.3579156965
0.964000 0.3572919820
0.965000 0.3566677289
0.966000 0.3560429416
0.967000 0.3554176241
0.968000 0.3547917807
0.969000 0.3541654156
0.970000 0.3535385329
0.971000 0.3529111368
0.972000 0.3522832314
0.973000 0.3516548209
0.974000 0.3510259095
0.975000 0.3503965013
0.976000 0.3497666004
0.977000 0.3491362109
0.978000 0.3485053370
0.979000 0.3478739829
0.980000 0.3472421525
0.981000 0.3466098501
0.982000 0.3459770797
0.983000 0.3453438454
0.984000 0.3447101514
0.985000 0.3440760016
0.986000 0.3434414002
0.987000 0.3428063512
0.988000 0.3421708588
0.989000 0.3415349269
0.990000 0.3408985596
0.991000 0.3402617611
0.992000 0.3396245352
0.993000 0.3389868861
0.994000 0.3383488178
0.995000 0.3377103342
0.996000 0.3370714396
0.997000 0.3364321377
0.998000 0.3357924327
0.999000 0.3351523286
